18.793400
17.945600
20.229200
22.335000
29.062000
22.652800
24.529800
26.729000
28.844600
33.517000
34.308200
36.486000
38.906800
41.282600
45.841000
41.436400
43.506000
46.246200
48.441400
53.093600
54.430000
56.921800
60.173400
63.070000
67.597800
63.051400
65.874200
69.233000
72.229600
77.393400
79.294600
82.715400
86.897400
90.788400
96.266200
90.623600
94.687600
98.903200
103.237000
109.193400
112.348600
117.192200
122.432600
127.913400
135.136200
127.825000
133.783800
139.483000
145.976800
153.668600
158.446400
165.490200
172.962000
180.391800
190.188800
180.246600
188.711600
196.888200
206.035200
217.562000
224.030200
234.464800
245.157000
256.072000
270.547200
256.484600
268.358000
281.850800
294.093400
308.842600
320.364400
335.915000
350.896800
368.595400
388.681600
369.278000
386.738800
404.933600
424.726000
446.833400
462.808400
487.385400
508.552200
535.387600
562.854800
534.583800
561.533400
588.114200
619.341800
651.713000
678.484400
710.659200
748.885200
785.920000
828.096600
786.877000
827.203000
868.633000
911.036600
959.375200
1001.854400
1051.943000
1104.010200
1163.784200
1225.489600
1165.913400
1228.491600
1287.615600
1353.381600
1425.242800
1486.585400
1567.303200
1654.188000
1735.476200
1828.855000
1740.452800
1832.579200
1929.752600
2029.127400
2138.625400
2229.368200
2344.844400
2473.577600
2605.796400
2748.309000
2616.831400
2745.780200
2897.424600
