2908.527400
1618.157000
1045.476000
745.826400
575.654400
467.236800
396.720000
345.288400
309.950000
283.822200
263.336400
246.999400
234.815600
224.268200
216.136400
209.685000
203.824400
199.494200
195.056000
191.589600
189.067400
186.300000
184.481000
182.810200
181.543400
179.916200
179.569800
178.535000
178.190400
177.165200
177.075800
177.378600
176.501400
176.230600
176.187600
175.993600
176.174600
176.431200
176.671200
177.508200
177.267800
177.660000
177.700600
178.214200
178.484400
179.675400
179.850400
179.619200
180.570600
181.207200
181.479200
182.022600
182.712800
183.410800
184.214400
184.340000
185.079800
