783.780400
430.269600
318.992600
265.805400
235.427800
215.006800
201.317400
190.928400
183.437000
177.361400
172.761800
167.957200
164.962200
161.972600
159.731000
157.542000
155.256400
153.653600
152.397000
150.856800
149.752400
148.719800
147.424800
146.513600
145.736000
145.218800
144.312200
143.698200
143.129400
142.376400
141.809000
141.461400
140.879000
140.269400
140.102200
139.565200
139.031000
138.684400
138.033600
137.873000
137.685600
137.300400
136.811600
136.705800
136.213200
136.085600
135.895400
135.648000
135.274600
135.071400
134.761800
134.881600
134.699200
134.398400
134.284800
134.158200
133.821800
133.749400
133.461400
133.296600
133.323000
132.956200
132.879000
132.793200
