20.388400
32.146800
41.657800
50.364000
58.735200
41.836200
47.066200
47.263600
48.902000
50.803800
53.668000
56.642800
59.828800
63.093200
63.592400
56.333600
57.748800
59.799600
62.258800
64.839600
67.149200
68.054000
69.925200
71.957600
73.987600
68.518400
70.886200
73.432200
75.417200
77.185600
79.171600
81.262400
83.934600
86.503400
89.057400
84.003600
86.880200
89.790200
93.305200
96.571800
100.135200
104.263000
108.441200
112.610200
117.336400
110.516600
115.422600
119.991600
124.974600
130.285000
135.588800
141.384600
147.703000
154.359800
161.334600
152.997800
159.654000
166.780600
174.027000
182.026400
190.330800
199.272200
208.321600
218.549000
