Genome length: 64
Genome base: 10
Max parents: 10
0.000000
0.007800
0.047600
0.198000
0.555000
1.300400
2.401200
3.704800
5.524600
7.563000
9.624600
11.528800
13.539000
15.134000
16.632800
17.939600
19.628800
21.270200
22.856800
24.888800
26.679600
28.667400
30.772000
33.055400
35.379400
37.963200
40.138200
42.100200
44.459200
46.606400
49.144800
51.787800
54.812600
57.470800
60.838400
64.203200
67.996600
72.106000
76.173200
79.980800
84.048600
88.030400
92.671400
97.828400
103.010800
108.773600
115.240600
121.968400
129.715400
138.635800
147.204200
157.880800
167.881200
177.787800
190.343000
203.760200
218.325800
236.307400
255.844200
280.715600
310.398000
347.241200
394.575400
467.407200
608.622600
