0.000000
31.213800
64.922400
100.967600
137.564600
173.494600
209.301800
242.955200
276.773800
310.112800
341.859600
374.140200
403.226000
434.198000
463.883000
490.529600
519.750800
547.817800
574.123800
602.751800
628.071400
656.086400
680.412000
710.273800
733.324400
758.278600
786.061000
808.994200
833.971800
861.374600
884.810400
909.073400
931.920600
957.428600
984.381800
1001.926600
1029.985800
1054.907800
1074.696200
1101.671000
1121.177800
1147.268600
1166.678800
1186.608200
1213.702400
1237.477600
1261.807800
1287.144000
1307.147000
1332.198400
1352.124200
1377.951200
1400.469400
1423.367800
1447.666200
1468.836600
1486.122600
1514.213800
1526.897800
1560.020400
1584.728200
1613.693800
1628.846400
1645.945800
