Genome length: 32
Genome base: 10
Target fitness: 30
375.111000
208.322800
156.474800
131.601600
117.757400
108.927800
103.083600
98.000600
94.547400
91.778200
89.311600
87.530400
85.953600
84.836400
83.700000
82.595600
81.680200
81.033200
80.018800
79.503200
79.252400
78.575600
78.029000
77.718600
77.318000
76.783600
76.549400
76.296600
75.832000
75.709000
75.307200
75.283600
74.794000
74.805200
74.579600
74.280600
74.116600
74.046800
73.750200
73.576000
73.400200
73.412200
73.282800
73.041200
73.004800
72.851400
72.878400
72.608200
72.493400
72.534400
72.360400
72.337600
72.133200
72.057400
72.071600
71.822800
71.780800
71.610200
71.611000
71.586400
71.460600
71.372200
71.386600
71.329200
