18.601800
18.386800
20.380600
22.419200
28.897200
22.661400
24.323400
26.710000
28.889400
33.310800
34.210800
36.531200
38.790200
41.375800
45.796000
41.335000
43.630600
46.134600
48.724200
53.090800
54.485200
57.290800
59.961800
63.091600
67.672800
63.117000
65.879400
69.199200
72.520000
77.073200
79.363600
82.868400
86.852600
90.525800
96.146000
90.606400
94.654800
98.923800
103.243200
108.956400
112.067400
117.402400
122.443400
128.203200
134.867000
127.745200
133.475600
139.341800
145.579200
153.909200
157.982400
165.676600
172.538200
180.398400
190.238600
180.768200
188.868000
196.587800
206.330600
216.806200
223.692000
234.451600
244.836800
256.313800
269.843600
256.860000
268.366600
280.289000
293.664400
308.452800
320.570800
336.138600
351.716000
368.700200
386.862200
368.801000
386.360400
405.418200
423.770200
446.993800
464.326200
486.528400
508.947800
537.208600
563.470400
536.500800
564.392600
588.306600
618.770000
651.877800
678.030800
712.065800
751.057400
784.035000
827.648000
787.784800
826.473800
866.334200
914.525600
959.281200
999.376800
1053.888600
1105.716400
1165.885600
1221.553200
1165.146800
1227.782800
1286.437800
1358.271600
1426.283000
1487.967000
1565.995000
1652.789600
1739.739800
1826.352200
1732.589600
1829.665600
1923.545800
2019.479600
2134.730600
2228.456200
2341.911800
2469.974600
2604.302200
2746.197200
2609.646000
2750.648600
2889.729200
